%YAML:1.0

cam0:
  T_imu_cam: #rotation from camera to IMU R_CtoI, position of camera in IMU p_CinI
    - [ 0.99999395, -0.00301404, -0.00173641, -0.00583189]
    - [ 0.00301154,  0.99999443, -0.00144116, -0.01742036]
    - [ 0.00174074,  0.00143592,  0.99999745,  0.01592047]
    - [ 0.0,         0.0,         0.0,         1.0       ]
  cam_overlaps: [1]
  camera_model: pinhole
  distortion_coeffs: [0.007017508922248575, -0.002598448110748391, -0.0014755213248257705, 0.0006640775125219394]
  distortion_model: radtan
  intrinsics: [431.3873911369959, 430.2496176152663, 427.4407802012019, 238.52694867508183] #fu, fv, cu, cv
  resolution: [848, 480]
  rostopic: /camera/infra1/image_rect_raw
cam1:
  T_imu_cam: #rotation from camera to IMU R_CtoI, position of camera in IMU p_CinI
    - [ 0.99998986, -0.0030345,  -0.00332727,  0.04421182]
    - [ 0.00302971,  0.99999437, -0.00144238, -0.01728303]
    - [ 0.00333163,  0.00143229,  0.99999342,  0.01592412]
    - [ 0.0,        0.0,        0.0,        1.        ]
  cam_overlaps: [0]
  camera_model: pinhole
  distortion_coeffs: [0.007925673974579087, -0.0036215088874331737, -0.001422629239660213, 0.0002909310193082525]
  distortion_model: radtan
  intrinsics: [431.4435041724946, 430.32814097594184, 427.28683910723333, 238.38215822538055] #fu, fv, cu, cv
  resolution: [848, 480]
  rostopic: /camera/infra2/image_rect_raw