%YAML:1.0

cam0:  # pi-cam-03
  T_cam_imu:
  - [-0.9992779020895931, -0.012210126058791536, 0.03598037266412926, -0.0001557910620000456]
  - [-0.036252122666101956, 0.022816832863359046, -0.9990821666611246, -5.5118997807807614e-05]
  - [0.011377961048584097, -0.999665096399646, -0.02324299986367824, -0.0001153964254881539]
  - [0.0, 0.0, 0.0, 1.0]
  cam_overlaps: []
  camera_model: pinhole
  distortion_coeffs: [-0.05085272194523467, 0.04593070970405046, -0.08451281849175007, 0.04800337160308806]
  distortion_model: equidistant
  intrinsics: [308.85150763436417, 308.0143588760683, 287.74581974567036, 233.1149537054603]
  resolution: [640, 480]
  rostopic: /pi_cam_03/rgb_image
  timeshift_cam_imu: 0.00015007169519545426