%YAML:1.0

cam0:
  T_cam_imu:
    - [-0.9999790195296183, -0.0012594392809634862, -0.006354078476344758, 0.008476502835657655]
    - [0.0011286433084974046, -0.9997882648566203, 0.02054632860813456, 0.0035762499334610494]
    - [-0.006378609947956183, 0.02053872604834172, 0.999768710286257, -0.0014819593587566723]
    - [0.0, 0.0, 0.0, 1.0]
  cam_overlaps: [1]
  camera_model: pinhole
  distortion_coeffs: [-0.011532772136434897, 0.0501515488043061, -0.05041450901368907, 0.012741893876582578]
  distortion_model: equidistant
  intrinsics: [280.4362476646957, 279.5757903173993, 434.5911290024899, 395.3741210501516]
  resolution: [848, 800]
  rostopic: /t265/image_left
  timeshift_cam_imu: 0.010501625380016148