%YAML:1.0

imu0:  # vn100
  T_i_b:
    - [1.0, 0.0, 0.0, 0.0]
    - [0.0, 1.0, 0.0, 0.0]
    - [0.0, 0.0, 1.0, 0.0]
    - [0.0, 0.0, 0.0, 1.0]
  accelerometer_noise_density: 0.022943696261362133
  accelerometer_random_walk: 0.003183408958479904
  gyroscope_noise_density: 0.0010803000133061877
  gyroscope_random_walk: 2.094774838616867e-05
  model: scale-misalignment
  rostopic: /vn100/imu
  time_offset: 0.0
  update_rate: 65