%YAML:1.0

cam0:  # left
  T_cam_imu:
    - [-0.002324800746568184, -0.9999941919077278, 0.002492278535728143, -0.06022900867401768]
    - [-0.03687034903567077, -0.0024048744705860436, -0.9993171638377722, 0.01794754986044277]
    - [0.9993173533284994, -0.0024151044680549294, -0.03686454403531683, -0.3960071374266635]
    - [0.0, 0.0, 0.0, 1.0]
  cam_overlaps: [1]
  camera_model: pinhole
  distortion_coeffs: [-0.011532772136434897, 0.0501515488043061, -0.05041450901368907, 0.012741893876582578]
  distortion_model: equidistant
  intrinsics: [280.4362476646957, 279.5757903173993, 434.5911290024899, 395.3741210501516]
  resolution: [848, 800]
  rostopic: /t265/image_left
  timeshift_cam_imu: 0.010321917424799893
cam1:  # right
  T_cam_imu:
    - [-0.007192545480976392, -0.9999273796445933, 0.00966968079109376, -0.12179531959794965]
    - [-0.039551773366524434, -0.009377892038576002, -0.9991735146432157, 0.018988189548680857]
    - [0.9991916355299756, -0.007569053970634343, -0.0394814501876824, -0.39716868407405886]
    - [0.0, 0.0, 0.0, 1.0]
  T_cn_cnm1:
    - [0.9999623927470926, -0.006993186493286595, -0.005129174804764724, -0.0634742552400177]
    - [0.00697956885915097, 0.9999720831772309, -0.002668048861633343, 0.0004049468479554859]
    - [0.005147689777763354, 0.0026321490949045585, 0.9999832864008741, -0.0009053657267858989]
    - [0.0, 0.0, 0.0, 1.0]
  cam_overlaps: [0]
  camera_model: pinhole
  distortion_coeffs: [-0.011950967309164085, 0.0530642563172375, -0.049469178559530994, 0.011573768486635416]
  distortion_model: equidistant
  intrinsics: [280.311263999059, 279.5434630904508, 431.35302371548494, 388.5071222043099]
  resolution: [848, 800]
  rostopic: /t265/image_right
  timeshift_cam_imu: 0.010289852891593447