%YAML:1.0

cam0:
  T_cam_imu:
  - [-0.002348305287451613, -0.9999958807758523, -0.0016504222507104926, -0.06685543831317256]
  - [-0.01605184042003327, 0.0016879088350547078, -0.99986973620712, -0.03421731711592109]
  - [0.9998684032818559, -0.002321507073703988, -0.016055738024146587, -0.40311081339328475]
  - [0.0, 0.0, 0.0, 1.0]
  cam_overlaps: [1]
  camera_model: pinhole
  distortion_coeffs: [0.04218033794511698, -0.1538409716300669, -0.0001895068002064514, 0.0029933277814996983]
  distortion_model: radtan
  intrinsics: [397.41173971450024, 396.4706588748766, 330.1802977238417, 205.35098039911583]
  resolution: [640, 400]
  rostopic: /oak_d/image_left
  timeshift_cam_imu: 0.010700989601713253
cam1:
  T_cam_imu:
  - [-0.030707227334484, -0.9995103808505783, 0.006005394355127813, -0.13011532396186817]
  - [-0.009962276602378972, -0.005701876567221625, -0.9999341186540793, -0.03752804704865209]
  - [0.9994787737787764, -0.030765031700689838, -0.009782310060999722, -0.4066167818871372]
  - [0.0, 0.0, 0.0, 1.0]
  T_cn_cnm1:
  - [0.9995684621511237, -0.007198786959333299, -0.028479236983255704, -0.07501534786210863]
  - [0.007375561065405734, 0.9999541520695582, 0.00610695159782715, -0.00035742413211919304]
  - [0.028433968625655788, -0.006314366568537606, 0.9995757290986163, -0.0019920919298183322]
  - [0.0, 0.0, 0.0, 1.0]
  cam_overlaps: [0]
  camera_model: pinhole
  distortion_coeffs: [-0.005212156655481348, -0.04355582578407618, -0.0006010117590291139, 0.004346096147984604]
  distortion_model: radtan
  intrinsics: [394.9277263316099, 393.81297831322973, 317.22555263449095, 193.51973969808688]
  resolution: [640, 400]
  rostopic: /oak_d/image_right
  timeshift_cam_imu: 0.01069498487095964