%YAML:1.0

cam0:
  T_cam_imu:
    - [-0.9999790195296183, -0.0012594392809634862, -0.006354078476344758, 0.008476502835657655]
    - [0.0011286433084974046, -0.9997882648566203, 0.02054632860813456, 0.0035762499334610494]
    - [-0.006378609947956183, 0.02053872604834172, 0.999768710286257, -0.0014819593587566723]
    - [0.0, 0.0, 0.0, 1.0]
  cam_overlaps: [1]
  camera_model: pinhole
  distortion_coeffs: [-0.011532772136434897, 0.0501515488043061, -0.05041450901368907, 0.012741893876582578]
  distortion_model: equidistant
  intrinsics: [280.4362476646957, 279.5757903173993, 434.5911290024899, 395.3741210501516]
  resolution: [848, 800]
  rostopic: /t265/image_left
  timeshift_cam_imu: 0.010501625380016148
cam1:
  T_cam_imu:
    - [-0.9999165888734343, 0.0056269671568607085, -0.011625512304009922, -0.05501547933647262]
    - [-0.0058337921811406, -0.9998239426126609, 0.01783397452228225, 0.004044213219087346]
    - [-0.01152311435777403, 0.017900307793157096, 0.9997733727282437, -0.0023342526866441202]
    - [0.0, 0.0, 0.0, 1.0]
  T_cn_cnm1:
    - [0.9999623927470926, -0.006993186493286595, -0.005129174804764724, -0.0634742552400177]
    - [0.00697956885915097, 0.9999720831772309, -0.002668048861633343, 0.0004049468479554859]
    - [0.005147689777763354, 0.0026321490949045585, 0.9999832864008741, -0.0009053657267858989]
    - [0.0, 0.0, 0.0, 1.0]
  cam_overlaps: [0]
  camera_model: pinhole
  distortion_coeffs: [-0.011950967309164085, 0.0530642563172375, -0.049469178559530994, 0.011573768486635416]
  distortion_model: equidistant
  intrinsics: [280.311263999059, 279.5434630904508, 431.35302371548494, 388.5071222043099]
  resolution: [848, 800]
  rostopic: /t265/image_right
  timeshift_cam_imu: 0.010471974789995595