%YAML:1.0

cam0:  # d435i
  T_cam_imu:
    # - [ 0.99977065, -0.02128116,  0.00239836, -0.02286872]
    # - [ 0.02128413,  0.99977272, -0.00122055,  0.01025188]
    # - [ -0.00237184,  0.00127132,  0.99999638,  0.03202220] 
    # - [ 0.00000000,  0.00000000,  0.00000000,  1.00000000 ]
    - [ 0.99977066,  0.02128413, -0.00237184,  0.02272122]
    - [-0.02128116,  0.99977272,  0.00127132, -0.01077693]
    - [ 0.00239836, -0.00122055,  0.99999638, -0.03195472]
    - [ 0.        ,  0.        ,  0.        ,  1.        ]
  cam_overlaps: []
  camera_model: pinhole
  distortion_coeffs: [0.07561607662577634, -0.2088729975389971, -0.0023347441072184756, 0.004010356017731083]
  distortion_model: radtan
  intrinsics: [596.1950425915236, 593.1411835433107, 327.0463454538411, 245.16142133264628]
  resolution: [640, 480]
  rostopic: /d435i/rgb_image
  timeshift_cam_imu: 0.009405112074393745