%YAML:1.0

cam0:
  T_imu_cam: #rotation from camera to IMU R_CtoI, position of camera in IMU p_CinI
    - [ 0.99999395, -0.00301404, -0.00173641, -0.00583189]
    - [ 0.00301154,  0.99999443, -0.00144116, -0.01742036]
    - [ 0.00174074,  0.00143592,  0.99999745,  0.01592047]
    - [ 0.0,         0.0,         0.0,         1.0       ]
  cam_overlaps: [1]
  camera_model: pinhole
  distortion_coeffs: [0.007017508922248575, -0.002598448110748391, -0.0014755213248257705, 0.0006640775125219394]
  distortion_model: radtan
  intrinsics: [431.3873911369959, 430.2496176152663, 427.4407802012019, 238.52694867508183] #fu, fv, cu, cv
  resolution: [848, 480]
  rostopic: /camera/infra1/image_rect_raw