%YAML:1.0

cam0:
  T_cam_imu:
    - [0.999915941176281, 0.012206855101958599, -0.004370728780559432, 0.02373946647436032]
    - [-0.012218610212450643, 0.9999217773050906, -0.002672982511409355, 0.006902244580595369]
    - [0.004337758180168653, 0.002726162054957618, 0.9999868758610894, 0.003553462328788818]
    - [0.0, 0.0, 0.0, 1.0]
  cam_overlaps: [1]
  camera_model: pinhole
  distortion_coeffs: [0.12223198698310221, -0.2541073506834043, 0.0013341987030300406, 0.0006334624643751589]
  distortion_model: radtan
  intrinsics: [615.4644180777472, 615.7291413339252, 326.1061753238627, 246.36882096298945]
  resolution: [640, 480]
  rostopic: /d435i/rgb_image