%YAML:1.0

imu0:  # vn100
  T_i_b:
    - [1.0, 0.0, 0.0, 0.0]
    - [0.0, 1.0, 0.0, 0.0]
    - [0.0, 0.0, 1.0, 0.0]
    - [0.0, 0.0, 0.0, 1.0]
  accelerometer_noise_density: 0.0114718481306810665
  accelerometer_random_walk: 0.001591704479239952 
  gyroscope_noise_density: 0.00054015000665309385
  gyroscope_random_walk: 0.000010473874193084336
  model: scale-misalignment
  rostopic: /vn100/imu
  time_offset: 0.0
  update_rate: 65
imu1:  # d435i
  T_i_b:
  - [-0.011725132596874965, -0.9999307513155113, 0.0010068958152922303, 0.1716385503371918]
  - [-0.006893999227042258, -0.0009261025320475846, -0.9999758072617346, -0.002962598964996122]
  - [0.9999074927413252, -0.011731790472783221, -0.006882663151678403, -0.3588288661933061]
  - [0.0, 0.0, 0.0, 1.0]
  accelerometer_noise_density: 0.006064288735250874
  accelerometer_random_walk: 0.0005354903138724063
  gyroscope_noise_density: 0.0010662953470339657
  gyroscope_random_walk: 5.776283991470186e-05
  model: scale-misalignment
  rostopic: /d435i/imu
  time_offset: 0.0
  update_rate: 100