%YAML:1.0

imu0:  # oak-d
  T_i_b:
    - [1.0, 0.0, 0.0, 0.0]
    - [0.0, 1.0, 0.0, 0.0]
    - [0.0, 0.0, 1.0, 0.0]
    - [0.0, 0.0, 0.0, 1.0]
  accelerometer_noise_density: 0.006659122105928324
  accelerometer_random_walk: 0.0021452270477743873
  gyroscope_noise_density: 0.0006607460100998002
  gyroscope_random_walk: 0.00030458325035522893
  model: scale-misalignment
  rostopic: /oak_d/imu
  time_offset: 0.0
  update_rate: 100