%YAML:1.0

cam0:
  T_cam_imu:
    - [0.01264973030620286, 0.9996985857240499, -0.021040960636724632, 0.0717211805760012]
    - [0.9999193422840917, -0.01262298936601048, 0.0014032339848388583, -0.0008557915230026813]
    - [0.0011372112077153093, -0.021057014052363855, -0.9997776297306661, -0.03206473816784058]
    - [0.0, 0.0, 0.0, 1.0]
  cam_overlaps: [1]
  camera_model: pinhole
  distortion_coeffs: [0.04218033794511698, -0.1538409716300669, -0.0001895068002064514, 0.0029933277814996983]
  distortion_model: radtan
  intrinsics: [397.41173971450024, 396.4706588748766, 330.1802977238417, 205.35098039911583]
  resolution: [640, 400]
  rostopic: /oak_d/image_left
  timeshift_cam_imu: 0.010693564761840788
cam1:
  T_cam_imu:
    - [0.005413678239693293, 0.9999577358514358, 0.0074309217993132, -0.002405777752148272]
    - [0.9999737418037766, -0.005377666827677157, -0.004857612833941769, -0.0008800102758183713]
    - [-0.004817446509412056, 0.007457024229606438, -0.9999605917228779, -0.03199850438261836]
    - [0.0, 0.0, 0.0, 1.0]
  T_cn_cnm1:
      - [0.9995684621511237, -0.007198786959333299, -0.028479236983255704, -0.07501534786210863]
      - [0.007375561065405734, 0.9999541520695582, 0.00610695159782715, -0.00035742413211919304]
      - [0.028433968625655788, -0.006314366568537606, 0.9995757290986163, -0.0019920919298183322]
      - [0.0, 0.0, 0.0, 1.0]
  cam_overlaps: [0]
  camera_model: pinhole
  distortion_coeffs: [-0.005212156655481348, -0.04355582578407618, -0.0006010117590291139, 0.004346096147984604]
  distortion_model: radtan
  intrinsics: [394.9277263316099, 393.81297831322973, 317.22555263449095, 193.51973969808688]
  resolution: [640, 400]
  rostopic: /oak_d/image_right
  timeshift_cam_imu: 0.010687501977444655