%YAML:1.0

cam0:  # d435i
  T_cam_imu:
    - [-0.01380328617919302, -0.9997053583887464, -0.019966614622468182, 0.19479930234866172]
    - [-0.0026897334482353097, 0.02000556806872633, -0.9997962505331892, -0.01923449036581586]
    - [0.999901112422939, -0.01374676889579568, -0.002965083522068257, -0.3900501025880176]
    - [0.0, 0.0, 0.0, 1.0]
  cam_overlaps: []
  camera_model: pinhole
  distortion_coeffs: [0.07561607662577634, -0.2088729975389971, -0.0023347441072184756, 0.004010356017731083]
  distortion_model: radtan
  intrinsics: [596.1950425915236, 593.1411835433107, 327.0463454538411, 245.16142133264628]
  resolution: [640, 480]
  rostopic: /d435i/rgb_image
  timeshift_cam_imu: 0.009405112074393745