%YAML:1.0

cam0:  # pi-cam-02
  T_cam_imu:
    - [-0.00594413007794678, -0.9999820094910369, 0.0008049918542580858, -8.43843312978903e-05]
    - [-0.02369607139753216, -0.0006639250556892129, -0.9997189882181114, 5.459312754806632e-05]
    - [0.9997015372189544, -0.00596153485181472, -0.023691698636254255, -0.0002387624330783089]
    - [0.0, 0.0, 0.0, 1.0]
  cam_overlaps: []
  camera_model: pinhole
  distortion_coeffs: [-0.04083806866524706, 0.010512320631044807, -0.020992672094212645, 0.008848039004781132]
  distortion_model: equidistant
  intrinsics: [306.4922725227081, 306.14812355174007, 320.22100395920455, 234.9227867128218]
  resolution: [640, 480]
  rostopic: /pi_cam_02/rgb_image
  timeshift_cam_imu: 0.00044051935897203266