%YAML:1.0

cam0:  # pi-cam-02
  T_cam_imu:
    - [0.9986983147066981, -0.028780296968301512, -0.042111408292953026, -0.08693382893869706]
    - [-0.04094988731763772, 0.03982139591889822, -0.9983673488029051, 0.0035683929397142076]
    - [0.03041024384433955, 0.9987922461320399, 0.03859101107565177, -0.1754932737535035]
    - [0.0, 0.0, 0.0, 1.0]
  cam_overlaps: []
  camera_model: pinhole
  distortion_coeffs: [-0.049088967683826104, 0.01258567354487435, -0.03929685280753764, 0.030573793304504854]
  distortion_model: equidistant
  intrinsics: [312.58439916286994, 312.1773291844932, 313.37827341283753, 210.00444175294848]
  resolution: [640, 480]
  rostopic: /pi_cam_01/rgb_image
  timeshift_cam_imu: 0.0002192560880501594