%YAML:1.0

cam0:  # pi-cam-02
  T_cam_imu:
  - [0.0021947194265871384, -0.9999420539440571, 0.010539068307060417, -0.0039709245769373475]
  - [-0.02176766458437368, -0.010584367883846507, -0.9997070270509474, -0.0009149514781383828]
  - [0.9997606473477453, 0.0019646655292245296, -0.02178963295187672, -0.40896512233603605]
  - [0.0, 0.0, 0.0, 1.0]
  cam_overlaps: []
  camera_model: pinhole
  distortion_coeffs: [-0.04083806866524706, 0.010512320631044807, -0.020992672094212645, 0.008848039004781132]
  distortion_model: equidistant
  intrinsics: [306.4922725227081, 306.14812355174007, 320.22100395920455, 234.9227867128218]
  resolution: [640, 480]
  rostopic: /pi_cam_02/rgb_image
  timeshift_cam_imu: 0.001665541586167502