%YAML:1.0

cam0:  # pi-cam-01
  T_cam_imu:
  - [0.9991417423875342, -0.02854404090539758, -0.030016934347017164, -0.00013318556293750007]
  - [-0.02880326371357127, 0.04201979026091279, -0.9987015115768452, -9.69631978573665e-05]
  - [0.029768282084269116, 0.9987089540778233, 0.04116156491839801, -0.00011213505593678821]
  - [0.0, 0.0, 0.0, 1.0]
  cam_overlaps: []
  camera_model: pinhole
  distortion_coeffs: [-0.049088967683826104, 0.01258567354487435, -0.03929685280753764, 0.030573793304504854]
  distortion_model: equidistant
  intrinsics: [312.58439916286994, 312.1773291844932, 313.37827341283753, 210.00444175294848]
  resolution: [640, 480]
  rostopic: /pi_cam_01/rgb_image
  timeshift_cam_imu: 1.134102269653375e-05