%YAML:1.0

cam0:
  T_cam_imu:
    - [0.004187989221216104, -0.9999767943708473, 0.005373217479767267, 0.0853157978727712]
    - [-0.015062743506129905, -0.005435737246311079, -0.9998717750385073, -0.01129253547945167]
    - [0.999877779783284, 0.004106516819759154, -0.015085158774686969, -0.39305558526527756]
    - [0.0, 0.0, 0.0, 1.0]
  cam_overlaps: []
  camera_model: pinhole
  distortion_coeffs: [-0.06157226554259826, 0.034399973844349424, -0.0008061851770185934, -0.0007949203741555398]
  distortion_model: radtan
  intrinsics: [377.76416031338175, 376.7568882737175, 324.43054459524114, 237.7835851919431]
  resolution: [640, 480]
  rostopic: /d455/rgb_image
  timeshift_cam_imu: 0.0015624878928817425