%YAML:1.0

cam0:
  T_cam_imu:
    - [-0.9999562737967955, -0.009339960154782539, 0.00046436917994942977, 0.0012922904045814918]
    - [0.009337210077271445, -0.9999406800890549, -0.005608280575309634, -0.0012744323538437304]
    - [0.0005167227507212623, -0.005603699433906972, 0.9999841656497636, 0.00040033113678295077]
    - [0.0, 0.0, 0.0, 1.0]
  cam_overlaps: [1]
  camera_model: pinhole
  distortion_coeffs: [-0.012366413746311233, 0.05664229786516575, -0.05311714450478451, 0.010923486570219335]
  distortion_model: equidistant
  intrinsics: [284.7242611400861, 284.5840301307407, 434.49016090041886, 395.8400463222768]
  resolution: [848, 800]
  rostopic: /t265/image_left
cam1:
  T_cam_imu:
    - [-0.9999879375070819, -0.0029020800352621817, -0.003962672305599066, -0.06611835305075847]
    - [0.002911851525388238, -0.9999927289620079, -0.002462345185106207, 0.004708106450397055]
    - [-0.00395549757005656, -0.002473854196482522, 0.999989116982974, 0.0021771697596843173]
    - [0.0, 0.0, 0.0, 1.0]
  T_cn_cnm1:
    - [0.9999694770003315, -0.006412965784990272, -0.004463063692763899, -0.0674169901984792]
    - [0.0064270246051863125, 0.9999744075744584, 0.0031428571136552404, 0.005972942422637313]
    - [0.0044427944370016665, -0.003171445404396507, 0.999985101644839, 0.0017670614139245475]
    - [0.0, 0.0, 0.0, 1.0]
  cam_overlaps: [0]
  camera_model: pinhole
  distortion_coeffs: [-0.014712547641143865, 0.05551733404387605, -0.04983999499596344, 0.009911819247572565]
  distortion_model: equidistant
  intrinsics: [285.8111699976002, 285.5288401103675, 432.0744205472005, 385.986831237969]
  resolution: [848, 800]
  rostopic: /t265/image_right
