%YAML:1.0

cam0:
  T_cam_imu:
    - [-0.9999562737967955, -0.009339960154782539, 0.00046436917994942977, 0.0012922904045814918]
    - [0.009337210077271445, -0.9999406800890549, -0.005608280575309634, -0.0012744323538437304]
    - [0.0005167227507212623, -0.005603699433906972, 0.9999841656497636, 0.00040033113678295077]
    - [0.0, 0.0, 0.0, 1.0]
  cam_overlaps: [1]
  camera_model: pinhole
  distortion_coeffs: [-0.012366413746311233, 0.05664229786516575, -0.05311714450478451, 0.010923486570219335]
  distortion_model: equidistant
  intrinsics: [284.7242611400861, 284.5840301307407, 434.49016090041886, 395.8400463222768]
  resolution: [848, 800]
  rostopic: /t265/image_left
