%YAML:1.0

cam0:  # left
  T_cam_imu:
    - [-0.002324800746568184, -0.9999941919077278, 0.002492278535728143, -0.06022900867401768]
    - [-0.03687034903567077, -0.0024048744705860436, -0.9993171638377722, 0.01794754986044277]
    - [0.9993173533284994, -0.0024151044680549294, -0.03686454403531683, -0.3960071374266635]
    - [0.0, 0.0, 0.0, 1.0]
  cam_overlaps: [1]
  camera_model: pinhole
  distortion_coeffs: [-0.011532772136434897, 0.0501515488043061, -0.05041450901368907, 0.012741893876582578]
  distortion_model: equidistant
  intrinsics: [280.4362476646957, 279.5757903173993, 434.5911290024899, 395.3741210501516]
  resolution: [848, 800]
  rostopic: /t265/image_left
  timeshift_cam_imu: 0.010321917424799893