%YAML:1.0

imu0:  # vn100
  T_i_b:
    - [1.0, 0.0, 0.0, 0.0]
    - [0.0, 1.0, 0.0, 0.0]
    - [0.0, 0.0, 1.0, 0.0]
    - [0.0, 0.0, 0.0, 1.0]
  accelerometer_noise_density: 0.011471848130681066
  accelerometer_random_walk: 0.001591704479239952
  gyroscope_noise_density: 0.0005401500066530939
  gyroscope_random_walk: 1.0473874193084335e-05
  model: scale-misalignment
  rostopic: /vn100/imu
  time_offset: 0.0
  update_rate: 65