%YAML:1.0

imu0:  # t265
  T_i_b:
    - [1.0, 0.0, 0.0, 0.0]
    - [0.0, 1.0, 0.0, 0.0]
    - [0.0, 0.0, 1.0, 0.0]
    - [0.0, 0.0, 0.0, 1.0]
  accelerometer_noise_density: 0.017406273886926244
  accelerometer_random_walk: 0.012393508837042726
  gyroscope_noise_density: 0.003235643391462107
  gyroscope_random_walk: 7.056778665898092e-05
  model: scale-misalignment
  rostopic: /t265/imu
  time_offset: 0.0
  update_rate: 65