%YAML:1.0

cam0:
  T_cam_imu:
    - [0.9999729529760256, -0.003597998194067623, -0.006414649281366137, -0.030995330628215193]
    - [0.0036278879302054663, 0.9999825888567007, 0.004654074840052418, 0.007393280337730226]
    - [0.0063977922421187185, -0.00467722058988301, 0.9999685954378669, -0.0003069554096011766]
    - [0.0, 0.0, 0.0, 1.0]
  cam_overlaps: [1]
  camera_model: pinhole
  distortion_coeffs: [-0.03215894497325208, 0.03724114416690088, -0.0001496222817548002, 0.002049479715630166]
  distortion_model: radtan
  intrinsics: [393.5681724873732, 393.8188925069575, 330.01159089431184, 239.5935399484857]
  resolution: [640, 480]
  rostopic: /d455/rgb_image
