%YAML:1.0

imu0:  # vn100
  T_i_b:
  - [1.0, 0.0, 0.0, 0.0]
  - [0.0, 1.0, 0.0, 0.0]
  - [0.0, 0.0, 1.0, 0.0]
  - [0.0, 0.0, 0.0, 1.0]
  accelerometer_noise_density: 0.011471848130681066
  accelerometer_random_walk: 0.001591704479239952
  accelerometers:
  gyroscope_noise_density: 0.0005401500066530939
  gyroscope_random_walk: 1.0473874193084335e-05
  model: scale-misalignment
  rostopic: /vn100/imu
  time_offset: 0.0
  update_rate: 65
imu1:  # d455
  T_i_b:
  - [-0.0012344845182928055, -0.9999984756133198, -0.0012348356209793687, 0.1235046450979187]
  - [-0.034655623708903294, 0.001276876641985475, -0.9993984977632238, -0.014280132681394202]
  - [0.9993985510262265, -0.0011909479744707796, -0.03465714716477844, -0.36048121790979426]
  - [0.0, 0.0, 0.0, 1.0]
  accelerometer_noise_density: 0.00542219571804265
  accelerometer_random_walk: 0.0006923083655811285
  gyroscope_noise_density: 0.0012560566216984956
  gyroscope_random_walk: 2.5270725476344946e-05
  model: scale-misalignment
  rostopic: /d455/imu
  time_offset: 0.0
  update_rate: 100